13.50408614206614
11.728166436749184
10.963986776659823
10.515366409809584
10.439216567785236
10.035696068149942
9.832697502472115
9.66535368505514
9.524863499515462
9.391833823182049
9.269342773365524
9.221634228524422
9.160532707438279
9.1498746032235
9.206672310579249
9.053866197977925
8.93548759024598
8.838495481938937
8.756956121456698
8.675153084521023
8.591413644374791
8.528332685774478
8.459633459834933
8.401717363913354
8.347994873858598
8.297797056613978
8.242276399140588
8.183845913885024
8.153459570942685
8.113742541966948
8.059713693034974
8.011174370407808
7.9951161238632364
7.936174903525746
7.8930700160172504
7.863521545937976
7.848188311798768
7.817326166844718
7.800065070578137
7.659048239889884
7.60667420683167
7.60158734401567
7.573966615604904
7.52907156844309
7.513402664936313
7.4970622247619945
7.484400935143045
7.405141158173919
7.354888459671469
7.323013568574278
7.307898035589254
7.296186045780622
7.273183862618181
7.265389020088084
7.260030032703711
7.177295376419771
7.128379513882491
7.105080351139764
7.091366783877839
7.073576511826905
7.0949441546913965
7.087073687987258
7.1152349637989225
7.000430079626088
6.948354115776046
13.315292739768198
11.334397804812065
10.752105792363485
10.39624522766977
10.116628143522474
9.852627528788409
9.651181353962896
9.471027280799499
9.315248011543066
9.149647584751218
9.025115310520995
8.901240948611086
8.77173203142434
8.678897577761605
8.602532240829628
8.497809271142668
8.40791403172651
8.336554939142063
8.24945121741145
8.185504607434543
8.127328094946263
8.053348557254303
8.012738836136505
7.9531938369918915
7.890117450830072
7.713694031133592
7.642247609872238
7.595586080471175
7.551986032062107
7.5057120148240895
7.47168104953486
7.437916513259056
7.366477757879773
7.212120817892207
7.163934155330218
7.1210850189816775
7.089357350107509
7.064459842705877
7.038388489177392
6.991722147919597
6.965944334645941
6.819425403946851
6.764795232868795
6.73607332101658
6.71944965581474
6.6771997700697225
8.903226379578468
7.73896598441046
7.4460949367947045
7.239115339155217
7.078088883084071
6.975284707371294
6.881296252804482
6.807114087310727
6.733593440655643
6.655805389586234
6.605232213278237
6.571917322446716
6.514128262141965
6.486610250902876
6.45387040918978
6.431924771212931
6.435333504366925
6.428020084429087
6.348091645560674
6.325678787391391
6.286561004020883
6.300494767334976
6.292807106701833
6.218626785328303
6.208532988150415
6.005654669157864
6.033825868830491
6.033825868830491
88.16802287222345
6.120420066565588
6.165423928316784
6.099085299223974
6.139355167652826
6.112323373868531
89.59753683747526
6.0137312679670645
5.963759553507439
5.933030073247865
6.047736857172328
6.007850785175459
88.12403782713876
5.962434605232574
5.950255371739529
5.934914137832274
5.889048269709701
5.898353767844866
90.19133494611832
5.9009987320790005
5.910019830087946
5.937367163114327
5.923377655337192
5.8784268434692475
88.1460303496811
5.871159487300449
5.812051238004017
5.797331964944644
5.817722120624918
5.629674901002608
86.47459863646361
5.462179783755128
5.4181888873222235
5.366939858070709
5.355911118429412
5.353480042151685
88.12403782713876
5.416049051084858
5.431377524349925
5.2238395101619215
5.0844377809100685
5.027111042970382
86.98042665493733
5.056467382413037
5.0237156427631335
5.0049828718293385
5.029748059418716
5.030938948225425
87.090389267649
4.872277598960845
4.799099962166521
4.747125930756143
4.7052835351016284
4.690070649612875
88.98174620628986
4.605096914733231
4.601695651778135
4.609226766372377
4.483754492405826
4.401892531342976
90.0593798108643
4.408921120801562
4.395279945817384
4.371578033240336
4.352658492964019
4.335540494953811
89.6195293600176
4.316472979211707
4.220792780632243
4.161614494753584
4.141741088851193
4.100998686919422
88.0140752144271
4.105245664434613
4.069178299958851
4.095109603939816
4.067488248243272
4.047666039981682
89.26764899934022
3.9606114690908596
3.9014662070594244
3.8996889852377854
3.872650949585113
3.877261096201603
90.6751704420497
3.881394631207864
3.832491218543902
3.7695280472187624
3.7401607174043634
3.704501556900312
89.3776116120519
3.6965696028193586
3.680422964585902
3.6790245987584256
3.7077811154179603
3.687964499496564
92.85243017374093
3.053318347820946
83.65955575104465
3.053318347820946
83.65955575104465
3.053318347820946
83.65955575104465
40.84124830393487
3.10836280254448
3.149786939348565
3.217960240705958
3.2955388348057584
3.5290631100816547
83.39564548053661
52.27272727272727
3.655553381273082
3.760331269830028
3.916532903222418
4.011707048246196
4.0865732677577675
83.48361557070596
61.702849389416556
4.0817068886457
3.9882182558877415
3.851138868671793
3.7298407627101713
3.678213161992327
84.01143611172202
52.103120759837175
3.586904257973285
3.504536197557889
3.4493939612896436
3.381358964138311
3.3314913358828306
84.62722674290741
46.675712347354136
3.268107924009019
3.219639224638729
3.1910657086087473
3.202871854200303
3.136513737200191
81.6582361996921
42.77476255088196
3.012101216636114
83.06575764240158
41.62143826322931
2.9559383949643663
2.928688937263169
2.9140809109625825
2.908531932273501
2.9016646088669136
83.10974268748626
40.16282225237449
2.8932089618167036
2.884085383430217
2.8826301420259774
2.876276281144884
2.8728138585760408
82.42797448867385
39.009497964721845
2.8719184739784627
2.863173296491555
2.8632615927130423
2.8605628300387904
2.8595668425475025
82.49395205630086
39.51831750339213
2.8590531064279423
2.8576403846905665
2.8565453920724257
2.8503930559323267
2.8469531942838393
82.95579502968991
39.280868385346
2.845118721513628
2.8419422638491265
2.840198310916029
2.838657775202637
2.835519119691049
82.8898174620629
38.80597014925373
2.8332197439370663
2.8350034848449117
2.8280426507475993
2.829312364760185
2.821233415816065
83.02177259731691
39.07734056987788
2.9253712570142447
2.9253712570142447
2.9253712570142447
2.9253712570142447
83.65955575104465
40.09497964721845
2.9253712570142447
83.65955575104465
40.09497964721845
12.412065273060989
92.47855729052122
91.85888738127545
11.154345721818617
10.151423497269988
9.66258112739467
93.49021332746867
93.0461329715061
9.359203208667427
9.03749919687427
8.818943402552256
91.5328788212008
90.73948439620081
8.656726686209753
8.6545499355788
8.378809580013186
93.512205850011
